0,15056592226028
0,15334397554398
0,15354132652283
0,15588110685349
0,1562362909317
0,23051972687244
0,3688178062439
0,37429389357567
0,37761142849922
0,379188507795330.15056592226028
0.15334397554398
0.15354132652283
0.15588110685349
0.1562362909317
0.23051972687244
0.37025547027588
0.37244129180908
0.37761142849922
0.379603356122970.15056592226028
0.15334397554398
0.15354132652283
0.15588110685349
0.1562362909317
0.24322673678398
0.36879479885101
0.37192088365555
0.37219506502151
0.374293893575670.15056592226028
0.15334397554398
0.15354132652283
0.15588110685349
0.1562362909317
0.30734258890152
0.32014364004135
0.35289233922958
0.37244129180908
0.377611428499220.15056592226028442
0.15334397554397583
0.15354132652282715
0.1558811068534851
0.15623629093170166
0.23051972687244415
0.3688178062438965
0.37429389357566833
0.3776114284992218
0.379188507795333860.15056592226028442
0.15334397554397583
0.15354132652282715
0.1558811068534851
0.15623629093170166
0.23051972687244415
0.3702554702758789
0.37244129180908203
0.3776114284992218
0.37960335612297060.15056592226028442
0.15334397554397583
0.15354132652282715
0.1558811068534851
0.15623629093170166
0.24322673678398132
0.3687947988510132
0.3719208836555481
0.3721950650215149
0.374293893575668330.15056592226028442
0.15334397554397583
0.15354132652282715
0.1558811068534851
0.15623629093170166
0.294208824634552
0.34047022461891174
0.35770949721336365
0.365847647190094
0.37219506502151490.15056592226028442
0.15334397554397583
0.15354132652282715
0.1558811068534851
0.15623629093170166
0.3073425889015198
0.3201436400413513
0.35289233922958374
0.37244129180908203
0.3776114284992218